# This file may be used to create an environment using:
# $ conda create --name <env> --file <this file>
# platform: win-64
aiohappyeyeballs=2.4.6=pypi_0
aiohttp=3.11.12=pypi_0
aiosignal=1.3.2=pypi_0
annotated-types=0.6.0=py310haa95532_0
anyio=4.6.2=py310haa95532_0
async-timeout=5.0.1=pypi_0
attrs=25.1.0=pypi_0
brotli-python=1.0.9=py310h5da7b33_9
bzip2=1.0.8=h2bbff1b_6
ca-certificates=2025.1.31=h56e8100_0
cairo=1.16.0=hc68a040_5
certifi=2025.1.31=py310haa95532_0
charset-normalizer=3.3.2=pyhd3eb1b0_0
click=8.1.7=py310haa95532_0
colorama=0.4.6=py310haa95532_0
dav1d=1.2.1=h2bbff1b_0
distro=1.9.0=py310haa95532_0
edge-tts=7.0.0=pypi_0
exceptiongroup=1.2.0=py310haa95532_0
expat=2.6.4=h8ddb27b_0
fastapi=0.112.2=py310haa95532_0
ffmpeg=6.1.1=hc79a5da_2
ffmpeg-python=0.2.0=pyhff2d567_1
fontconfig=2.14.1=hb33846d_3
freetype=2.12.1=ha860e81_0
frozenlist=1.5.0=pypi_0
future=1.0.0=py310haa95532_0
glib=2.78.4=hd77b12b_0
glib-tools=2.78.4=hd77b12b_0
graphite2=1.3.14=hd77b12b_1
h11=0.14.0=py310haa95532_0
harfbuzz=10.2.0=hf458a27_0
httpcore=1.0.2=py310haa95532_0
httpx=0.27.0=py310haa95532_0
icu=73.1=h6c2663c_0
idna=3.7=py310haa95532_0
jiter=0.6.1=py310hefb1915_0
libffi=3.4.4=hd77b12b_1
libflac=1.4.2=h63175ca_0
libglib=2.78.4=ha17d25a_0
libiconv=1.16=h2bbff1b_3
libogg=1.3.5=h2bbff1b_1
libpng=1.6.39=h8cc25b3_0
libtheora=1.1.1=h8cc25b3_3
libxml2=2.13.5=h24da03e_0
multidict=6.1.0=pypi_0
openai=1.60.1=py310haa95532_0
openssl=3.4.1=ha4e3fda_0
pcre2=10.42=h0ff8eda_1
pip=25.0=py310haa95532_0
pixman=0.40.0=h2bbff1b_1
propcache=0.2.1=pypi_0
pydantic=2.10.3=py310haa95532_0
pydantic-core=2.27.1=py310h636fa0f_0
pydub=0.25.1=pyhd8ed1ab_1
pysocks=1.7.1=py310haa95532_0
python=3.10.16=h4607a30_1
python-multipart=0.0.20=pyhff2d567_0
requests=2.32.3=py310haa95532_1
setuptools=75.8.0=py310haa95532_0
sniffio=1.3.0=py310haa95532_0
speechrecognition=3.14.1=pyhd8ed1ab_0
sqlite=3.45.3=h2bbff1b_0
srt=3.5.3=pypi_0
starlette=0.38.2=py310haa95532_0
tabulate=0.9.0=pypi_0
tk=8.6.14=h0416ee5_0
tqdm=4.67.1=py310h9909e9c_0
typing-extensions=4.12.2=py310haa95532_0
typing_extensions=4.12.2=py310haa95532_0
tzdata=2025a=h04d1e81_0
ucrt=10.0.20348.0=haa95532_0
urllib3=2.3.0=py310haa95532_0
uvicorn=0.32.1=py310haa95532_0
vc=14.42=haa95532_3
vc14_runtime=14.42.34433=h6356254_24
vs2015_runtime=14.42.34433=hfef2bbc_24
wheel=0.45.1=py310haa95532_0
win_inet_pton=1.1.0=py310haa95532_0
xz=5.4.6=h8cc25b3_1
yarl=1.18.3=pypi_0
zlib=1.2.13=h8cc25b3_1
